1
20
0 0 3 47 113 114 
0 0 8 58 59 60 61 62 63 64 65 
0 0 9 66 67 68 69 70 71 72 73 74 
0 0 9 0 48 49 50 51 52 53 54 55 
0 0 11 172 173 174 175 180 181 182 183 184 185 186 
0 0 12 9 110 111 127 128 129 130 132 133 135 136 137 
0 0 12 43 44 45 46 162 163 165 166 167 168 169 170 
0 0 13 2 3 99 100 101 102 103 104 105 106 107 108 109 
0 1 3 1 56 57 
0 1 13 32 33 34 35 36 37 38 39 40 41 42 134 196 
0 1 13 7 75 76 77 78 79 80 81 82 83 84 85 86 
0 1 13 138 139 140 141 142 143 144 145 146 147 148 149 171 
0 1 13 150 151 152 153 154 155 156 157 158 159 160 161 164 
0 1 13 87 88 89 90 91 92 93 94 95 96 97 98 112 
0 1 13 10 15 21 22 23 24 25 26 27 28 29 30 31 
0 1 13 115 116 117 118 119 120 121 122 123 124 125 126 131 
0 1 13 176 177 178 179 187 188 189 190 191 192 193 194 195 
0 1 13 4 5 6 8 11 12 13 14 16 17 18 19 20 
